0 0
0 665
499 0
499 665
121 294
126 332
136 368
144 407
159 443
183 476
215 502
251 522
289 525
325 517
351 491
373 460
387 424
393 387
397 351
400 315
400 280
153 288
172 271
198 266
224 268
252 274
296 274
320 264
343 258
368 260
384 275
277 296
280 321
284 346
288 372
257 387
271 391
287 395
299 388
310 382
191 300
203 293
219 292
234 298
219 302
204 303
308 294
321 284
337 282
350 288
338 293
323 294
224 424
247 423
268 422
286 424
301 419
319 415
339 411
324 433
308 444
290 448
272 448
249 442
233 426
269 431
287 431
303 427
331 416
305 426
288 430
270 431
