0 2 24
1 0 4
2 3 19
35 6 45
6 35 52
3 1 12
4 22 21
22 4 0
1 4 5
5 4 21
33 44 43
44 33 35
1 5 6
6 5 40
12 61 13
61 12 62
1 6 7
7 6 52
63 53 65
53 63 64
1 7 8
8 7 52
15 59 58
59 15 14
1 8 9
9 8 52
35 54 53
54 35 36
1 9 10
10 9 63
1 11 12
11 1 10
11 10 63
39 34 33
34 39 38
12 11 62
35 33 34
3 12 13
44 42 43
42 44 41
3 13 14
14 13 60
6 40 45
3 14 15
41 23 42
23 41 40
3 15 16
16 15 58
3 17 18
17 3 16
17 16 58
40 22 23
22 40 21
3 18 19
18 17 39
40 5 21
19 18 50
43 25 31
25 43 24
2 19 20
20 19 30
2 20 29
41 44 45
51 48 50
48 51 47
23 0 24
0 23 22
24 2 27
46 26 47
26 46 31
23 24 42
27 25 24
25 27 26
31 46 32
46 33 32
33 46 51
50 18 39
25 26 31
47 27 48
27 47 26
27 2 28
48 28 49
28 48 27
28 2 29
29 20 30
28 29 49
30 19 49
29 30 49
51 39 33
39 51 50
31 32 43
39 17 58
63 9 52
32 33 43
38 56 37
56 38 57
35 53 64
14 60 59
62 11 63
35 34 36
70 61 66
61 70 60
36 34 37
37 55 54
55 37 56
36 37 54
37 34 38
39 58 57
38 39 57
40 41 45
42 24 43
44 35 45
50 48 49
46 47 51
19 50 49
52 35 64
71 54 55
54 71 65
53 54 65
60 13 61
60 69 59
69 60 67
55 56 70
58 59 68
56 57 69
57 58 68
57 59 69
59 57 68
56 69 67
70 56 67
62 66 61
66 62 71
62 63 65
63 52 64
62 65 71
55 66 71
66 55 70
60 70 67
