0 0
0 665
499 0
499 665
63 278
66 317
74 357
86 395
101 432
124 464
148 493
181 514
223 518
266 510
305 485
335 452
358 415
371 374
376 331
379 289
378 247
68 253
80 226
107 218
135 222
163 233
215 228
249 213
282 204
316 209
338 233
191 262
191 291
191 319
190 348
167 365
181 369
198 372
216 366
233 361
106 271
120 258
142 256
161 271
143 277
121 279
239 267
258 250
279 247
296 258
283 268
261 270
154 413
175 411
193 407
206 410
221 405
246 405
274 403
250 424
227 433
210 435
196 435
178 429
163 414
194 416
207 417
223 414
264 405
224 413
208 416
195 415
