0 2 28
1 0 4
2 3 19
33 35 44
35 33 34
3 1 12
40 22 41
22 40 21
1 4 5
4 0 21
5 4 40
58 39 50
39 58 68
1 5 6
6 5 45
36 53 35
53 36 54
1 6 7
7 6 35
55 37 56
37 55 54
1 7 8
8 7 52
63 53 65
53 63 64
1 8 9
9 8 52
60 13 12
13 60 59
1 9 10
10 9 63
25 31 43
31 25 26
1 10 11
11 10 62
12 1 11
12 11 61
38 34 39
34 38 37
3 12 13
46 33 32
33 46 39
3 13 14
14 13 59
33 44 32
3 14 15
15 14 58
42 44 41
44 42 43
3 15 16
16 15 58
3 17 18
17 3 16
17 16 58
41 23 24
23 41 22
3 18 19
18 17 58
5 40 45
19 18 49
2 19 20
20 19 30
24 0 27
0 24 23
2 20 29
21 40 4
21 0 22
33 39 34
22 0 23
26 24 27
24 26 25
46 31 26
31 46 32
18 50 49
50 18 58
24 25 42
46 26 47
50 48 49
48 50 51
27 0 28
48 28 29
28 48 27
26 27 47
47 27 48
28 2 29
29 20 30
30 19 49
29 30 49
6 45 35
35 45 44
31 32 43
37 54 36
61 11 62
10 63 62
35 34 36
52 7 35
67 61 70
61 67 60
36 34 37
12 61 60
37 38 56
38 39 56
48 51 47
41 44 45
40 41 45
41 24 42
42 25 43
43 32 44
39 46 51
48 29 49
46 47 51
50 39 51
52 35 64
35 53 64
9 52 63
62 66 61
66 62 65
53 54 65
70 61 66
54 55 71
60 69 59
69 60 67
55 56 70
56 39 57
59 58 14
58 59 68
56 57 69
57 39 68
57 59 69
59 57 68
70 56 67
63 65 62
63 52 64
65 54 71
66 71 55
71 66 65
66 55 70
67 56 69
