0 2 23
1 0 6
2 3 19
54 35 36
35 54 53
3 1 11
4 22 21
22 4 0
0 5 6
5 0 4
5 4 21
43 35 44
35 43 33
6 5 40
39 33 51
33 39 34
1 6 7
7 6 40
1 7 8
8 7 52
1 9 10
9 1 8
9 8 52
61 14 13
14 61 60
1 10 11
10 9 52
53 71 63
71 53 54
11 10 63
55 37 56
37 55 54
3 11 12
12 11 62
40 22 41
22 40 21
3 12 13
13 12 61
43 25 31
25 43 24
3 13 14
44 42 43
42 44 41
3 14 15
15 14 60
7 40 52
3 15 16
16 15 58
3 17 18
17 3 16
17 16 58
40 5 21
3 18 19
18 17 39
41 23 42
23 41 22
19 18 50
2 19 30
19 20 30
20 19 49
41 44 45
35 33 34
22 0 23
39 50 18
50 39 51
24 2 28
2 24 23
31 26 46
26 31 25
23 24 42
27 25 24
25 27 26
31 46 32
26 47 46
47 26 27
50 48 49
48 50 51
27 24 28
27 48 47
48 27 28
28 49 48
49 28 29
28 2 29
49 29 30
29 2 30
30 20 49
51 32 46
32 51 33
31 32 43
39 17 58
32 33 43
38 57 56
57 38 39
11 63 62
61 12 62
35 53 64
35 34 36
52 40 45
66 62 71
62 66 61
36 34 37
58 59 68
59 58 15
36 37 54
37 34 38
39 58 57
37 38 56
38 34 39
52 45 35
40 41 45
42 24 43
44 35 45
19 50 49
48 51 47
46 47 51
52 35 64
10 52 63
61 66 70
54 55 71
57 69 56
69 57 59
55 56 69
59 15 60
57 58 68
69 59 60
59 57 68
55 69 70
63 71 62
60 61 70
53 63 64
63 52 64
71 55 66
66 55 70
69 60 70
