0 0
0 665
499 0
499 665
162 220
162 259
163 297
172 334
190 365
217 391
248 414
280 431
311 435
338 429
357 406
375 383
391 359
400 329
405 297
409 266
412 237
216 222
237 208
262 204
287 210
311 220
349 221
368 214
387 209
406 212
414 227
328 238
329 258
330 278
331 299
301 312
314 315
327 319
338 315
347 310
249 238
262 232
277 232
289 240
276 243
261 242
348 239
361 231
375 231
386 237
376 242
362 242
275 348
294 344
311 342
323 345
334 342
345 343
355 346
344 357
335 362
323 364
310 363
294 358
282 348
311 351
323 352
334 350
350 347
334 350
324 352
311 351
