348 483
349 561
354 639
371 715
408 784
465 843
533 891
600 929
667 939
729 926
770 877
812 828
845 773
864 711
875 643
882 579
885 519
468 484
514 449
570 434
629 437
687 450
747 460
789 446
833 446
871 458
885 494
710 508
713 552
718 596
722 642
651 675
680 684
710 693
735 684
755 671
540 512
568 495
599 495
628 515
598 519
566 519
747 517
778 496
810 497
833 513
808 523
777 520
583 746
632 745
672 743
698 750
719 743
743 745
763 748
740 772
715 781
693 783
666 781
629 771
599 750
670 761
697 763
717 761
752 751
717 757
696 761
669 759
